3,2
3,1
3,3
8,6
10,125
10,167
10,271
10,237
10,139
10,103
10,73
10,2
10,3
11,5
9,5
8,10
8,16
8,11
8,5
8,7
8,2
8,3
47,3
47,2
47,1
47,0
42,4
42,3
42,2
42,1
42,0
20,3
20,2
20,1
12,3
12,2
12,1
11,29
11,28
11,27
11,26
11,25
11,24
11,23
11,22
11,21
11,20
11,19
11,18
11,17
11,16
11,15
19,2
19,1
11,14
11,13
11,12
11,11
11,10
11,9
11,8
11,7
11,6
11,4
11,3
19,3
11,2
11,1
10,307
10,300
10,298
10,294
10,293
10,292
10,289
10,288
10,287
10,286
10,285
10,282
10,280
10,273
10,272
10,269
10,264
10,262
10,261
10,259
10,252
10,250
10,249
10,247
10,245
10,241
