3,2
3,1
3,3
8,6
10,200
10,126
10,206
10,224
10,12
10,156
10,106
10,66
10,2
10,3
9,6
8,12
8,11
8,8
8,9
8,14
8,17
8,18
8,2
8,3
47,3
47,2
47,1
47,0
42,4
42,3
42,2
42,1
42,0
20,2
20,1
12,3
20,3
12,2
12,1
11,29
11,28
11,27
11,26
11,25
11,24
11,23
11,22
11,21
11,20
11,19
11,18
11,17
11,16
11,15
11,14
11,13
11,12
11,11
11,10
11,9
11,8
11,7
11,6
11,5
11,4
11,3
19,2
11,2
19,1
11,1
19,3
10,313
10,307
10,300
10,298
10,294
10,293
10,292
10,289
10,288
10,287
10,286
10,285
10,282
10,280
10,273
10,272
10,271
10,269
10,267
10,264
10,263
10,262
10,261
10,260
